#rank	DiaBLE_node	p_hyper
1	3725	1.3245684355818808e-18
2	3065	3.4740814051271984e-18
3	6667	1.441902198267239e-18
4	5970	2.4670004123026623e-18
5	8841	1.2061854629721205e-18
6	6597	2.416002859585425e-18
7	3066	2.063178943581165e-18
8	3309	2.856749315601326e-18
9	3480	2.6195032607935633e-18
10	9612	3.677242896938844e-18
11	3164	2.69778523770441e-18
12	3320	2.7205677111136074e-17
13	25962	3.5713946800352857e-17
14	3312	1.032109329502668e-16
15	3308	3.338202810350141e-17
16	7520	3.4120928189395473e-17
17	7428	8.825389814575429e-18
18	5468	6.989199860704392e-18
19	23054	6.563136814190596e-18
20	4088	5.54499494556997e-18
21	1869	1.0403486507975837e-17
22	6772	2.1173606498488086e-18
23	2033	3.673536288967901e-18
24	1051	1.0330402434017538e-18
25	4790	4.0108296094171586e-19
26	688	3.277764771408864e-19
27	5914	2.8881000461378648e-18
28	6599	3.6294064014325664e-18
29	6601	1.0689438975179383e-18
30	2969	4.524826233758515e-18
31	10413	1.421459939957398e-18
32	2547	7.768442532945744e-19
33	1655	1.7075048345957958e-18
34	7020	1.9488799846027454e-18
35	8554	2.665535996222084e-18
36	6613	2.474367019229606e-18
37	5594	4.224321070994871e-18
38	2353	1.7053025419879294e-18
39	8359	1.811951745940704e-18
40	8850	7.67872964657841e-19
41	8350	4.829185302808851e-19
42	8467	7.233002754156425e-19
43	4436	1.799340106521385e-19
44	1017	2.870061729949952e-19
45	5241	4.643244048130999e-19
46	7329	6.895324463737365e-19
47	5451	8.999147957145862e-20
48	5888	1.6047926401527363e-19
49	5111	9.86744541111924e-20
50	2956	1.1436116483617653e-19
51	7155	2.2426793912453687e-19
52	7341	1.4631983353309245e-19
53	5315	1.1338493365430811e-19
54	5430	2.9088454548161654e-19
55	6595	4.709191681728922e-20
56	3014	1.2116426699642254e-19
57	6598	1.596107973743399e-19
58	6605	2.237764565415735e-19
59	25942	2.0780378831887816e-19
60	1457	9.037390118423318e-20
61	1108	8.88975799085432e-20
62	23512	8.820660331329705e-20
63	9219	2.2448994935147853e-20
64	9555	1.869987586973919e-20
65	9112	1.0198975467735478e-20
66	2074	7.93141590338666e-21
67	5928	3.275641057023904e-20
68	2186	7.069855542847573e-21
69	1385	8.307541482470892e-21
70	8726	1.193193207458799e-20
71	53615	1.6598168064533434e-21
72	115426	1.935549626066354e-21
73	9031	3.3487419849643144e-21
74	7181	7.054763263885397e-21
75	3054	6.439988284665512e-21
76	5931	1.2553740406566496e-20
77	3020	8.96779473607796e-21
78	23152	1.1274253916479929e-20
79	57459	2.8282444463964175e-21
80	57504	3.7909862804446593e-22
81	54815	5.672913098424431e-23
82	7227	9.500754657182158e-23
83	23309	1.0246070190928103e-22
84	54386	1.8891082585510743e-22
85	124944	1.5974794046852733e-23
86	10042	1.1819106066815041e-24
87	286826	2.2300658190013214e-25
88	79595	3.9751668180279996e-26
89	10036	6.876098117135e-27
90	8099	9.029315548690586e-28
91	64426	3.322860990308848e-27
92	114825	2.7987040607726073e-28
93	8819	3.2240315878285787e-29
94	22823	1.8375249925932956e-29
95	4605	2.969924684980226e-30
96	55957	1.6849034566296873e-30
97	51742	2.995462354072925e-31
98	84312	2.5141555619907902e-31
99	53335	3.5676893959914444e-32
100	64919	1.533474420953347e-32
101	57473	2.699515780677912e-32
102	257218	2.019751324497779e-33
103	57798	3.917007548270653e-34
104	26038	1.4364706256582781e-31
105	8208	1.958317452723085e-32
106	57649	2.2937156594114207e-30
107	8520	6.824898510730196e-30
108	5252	1.32451429792492e-30
109	51222	5.104077393207677e-29
110	3607	1.3706779575658545e-28
111	23613	1.8228652172967864e-28
112	84661	1.4908313566147606e-26
113	3621	7.499050511426325e-26
114	91750	1.6096814243681258e-25
115	11335	5.164594758091532e-25
116	8290	2.9667050484196166e-24
117	25842	1.0331321380948179e-23
118	9656	1.4458894348540247e-23
119	162979	1.5100884183957325e-23
120	6942	1.9052277741309926e-23
121	1642	5.030440954057015e-23
122	405	2.06855342001373e-23
123	10155	3.5942350871487295e-23
124	4361	3.1248190021180486e-23
125	546	1.7342581384143502e-23
126	3146	1.0129252277935296e-23
127	1058	8.345796328908189e-24
128	51773	2.2898513234685362e-24
129	29128	3.391186365775146e-23
130	1616	1.9217739538429812e-23
131	7161	3.5111037560482435e-23
132	4773	8.011123550917006e-23
133	4772	3.8771102770151804e-23
134	221937	2.810355084652304e-23
135	7023	5.707829064554163e-24
136	25855	9.494238044116074e-24
137	3622	9.406621845612532e-24
138	7290	1.58326702218378e-22
139	3159	1.4118365331491224e-22
140	11091	5.888561087338276e-23
141	4221	6.013997393560569e-23
142	57680	7.24250464588429e-23
143	3015	1.1132687790240997e-23
144	3018	5.154580902177991e-24
145	54904	1.802200353365467e-24
146	6046	1.2779462661405999e-23
147	23468	8.741967480540359e-24
148	23394	3.0669940841514523e-24
149	8463	1.9475647620180767e-24
150	1788	1.0295151711451198e-23
151	79813	1.5115488828928813e-24
152	10919	2.7160046339991954e-24
153	58525	3.8941131429870235e-24
154	55193	2.0661934276290188e-23
155	6603	1.1474636344462984e-23
156	5929	4.967963800936365e-24
157	9070	7.258371590730274e-24
158	22992	5.5032701758816216e-24
159	7158	2.9453748549089633e-24
160	9739	1.747270607487855e-24
161	126961	1.5536124208811613e-24
162	3836	6.127664303255234e-24
163	4602	1.8828411986877302e-23
164	8335	1.1161610098431086e-23
165	10524	3.2515730488174028e-24
166	8353	1.1400109165593811e-24
167	121504	5.342712604361527e-25
168	3980	9.302639118145293e-24
169	6117	7.135593590308448e-24
170	5981	2.4604259605138978e-24
171	79968	1.2316500432841608e-24
172	9126	9.723614810264036e-25
173	8243	1.8408770507066318e-24
174	2177	9.615162393135647e-25
175	86	2.410242245305606e-25
176	4691	7.779497357920857e-26
177	4000	1.7604826916079895e-25
178	4926	1.847629010747141e-25
179	10111	3.0525986109929814e-25
180	8607	7.952359233564751e-25
181	25836	1.7209820645904814e-25
182	6118	3.7072811505810823e-25
183	10856	2.125163990723279e-25
184	51548	2.655657346471401e-25
185	3190	1.041138731472015e-25
186	55355	3.877400486557746e-25
187	23028	7.76306421001907e-25
188	7468	5.289879597036686e-25
189	6045	5.92211695561744e-25
190	11198	2.739730975769871e-25
191	6749	7.438996265249604e-26
192	11168	2.862444535608776e-25
193	4869	2.974344821701536e-25
194	6119	1.7792300163746494e-25
195	7080	4.101236150441014e-26
196	7486	1.1294247474833252e-26
197	7182	9.0001634453331e-26
198	1660	2.2053102700101755e-26
199	4841	4.294006445217177e-27
200	6421	2.6852768579245212e-27
201	2521	2.200410852812683e-27
202	4171	1.856392267856773e-27
203	9343	1.0732031957448832e-27
204	7150	4.59773700935643e-28
205	10521	1.9497091410827743e-28
206	1915	2.3071370246822677e-28
207	79829	2.783224469522367e-28
208	10594	8.89434878921181e-28
209	2597	4.962987350560568e-28
210	8451	5.081571805847525e-28
211	3184	1.3514598037587373e-28
212	9820	3.5358726954752265e-28
213	22938	2.910198052249705e-28
214	9184	5.111498374354549e-29
215	5903	1.2145383666254294e-28
216	330	9.771907774914753e-29
217	55023	1.5076051896683786e-29
218	9782	2.320178091086399e-29
219	23020	1.801024584467133e-29
220	3192	1.3578394807216146e-29
221	11113	8.77992650367137e-30
222	5982	1.6930479698866033e-30
223	4670	6.039013699416638e-30
224	29117	1.1118723891044304e-29
225	5984	2.490208509385781e-30
226	1025	3.649609182272565e-30
227	9584	4.646732333158076e-30
228	7112	1.4175295753753058e-30
229	23435	3.548991567635873e-31
230	988	1.2935844263428219e-30
231	5499	2.733780206823434e-31
232	8148	3.555178720013889e-31
233	11338	1.3414615968183781e-31
234	5093	3.715552087714916e-32
235	9967	5.171306048612198e-33
236	23363	3.753201596645816e-33
237	3181	1.3605638247520791e-33
238	6632	8.43424872944639e-34
239	1654	2.6190680866744368e-33
240	9401	1.2182517378287266e-32
241	10236	9.436846244700254e-33
242	4174	3.5204404781736115e-33
243	8237	8.062214764058196e-34
244	3313	1.2162338320646213e-33
245	10014	2.684295556135406e-34
246	5245	2.793419890878907e-34
247	4176	6.075390768423122e-35
248	3608	1.8893913895654215e-35
249	5725	1.6502255227450258e-35
250	6615	7.87945922042695e-36
251	3178	1.9656955665146988e-36
252	1653	2.1068832238812268e-35
253	3183	4.62756589175966e-35
254	23524	4.279634463262867e-35
255	6047	1.6463281117870298e-35
256	689	3.910382164884166e-35
257	3609	9.037389388794105e-36
258	103	8.0554982184128e-37
259	6191	1.72883144877039e-36
260	26986	4.44272446465299e-36
261	8450	1.1240009467664613e-36
262	3182	8.80994915258943e-37
263	6780	1.6489853063665e-36
264	8454	4.286654597892718e-37
265	3837	5.096715155451043e-37
266	1665	5.5238925477639995e-37
267	2023	5.904494590722378e-37
268	55294	2.0206837422882922e-37
269	10399	1.6155022966758201e-37
270	3428	4.178870305953288e-37
271	3838	2.415782879798305e-37
272	55832	1.5237112145017593e-37
273	83732	1.6422293818764946e-37
274	220988	9.211249697642032e-38
275	1938	4.074640170951747e-38
276	10987	1.5458789103288553e-38
277	11060	2.6127339754088756e-38
278	8570	4.327859296998154e-39
279	10432	1.1422171641884655e-38
280	10614	7.806901779863131e-39
281	23450	4.8416348338634906e-39
282	677770	9.347492408692493e-40
283	27339	2.310848730147344e-40
284	24148	1.5321337445107917e-40
285	9055	4.155607264241164e-40
286	10291	1.855104668794998e-40
287	6426	8.470875791469101e-40
288	4914	3.640859590264334e-40
289	6188	6.149787548431334e-40
290	57721	8.913612136637198e-41
291	10075	3.1914541709255383e-41
292	1973	6.771320068941344e-42
293	498	1.0276205548070234e-42
294	5478	5.0084234593972065e-42
295	2335	3.613311198064793e-42
296	6128	1.0828426075736334e-41
297	9775	2.4976769364556725e-42
298	124245	1.8852940913265694e-42
299	292	2.7057572721148434e-43
300	6129	4.291744300760313e-43
301	6201	9.536165713455698e-44
302	6205	4.1175225934728536e-44
303	6187	2.8832834922744116e-44
304	6228	1.4250765728989767e-44
305	6222	3.051620057466027e-45
306	55011	2.2063211494773757e-45
307	6189	1.7801654838119767e-45
308	83743	5.5319567372520474e-46
309	6125	2.5905399380096152e-45
310	3676	6.366358418962415e-46
311	6193	9.033555058036836e-47
312	6208	1.3596726456671078e-47
313	6133	5.956852444294903e-47
314	6152	7.829710146578475e-48
315	4736	1.644429951218928e-48
316	6230	3.592630127180885e-49
317	6155	7.4386653290116795e-50
318	3921	1.4923748299434905e-50
319	6217	2.6359408570359752e-51
320	25980	1.0600621204475209e-51
321	6210	1.1839277207155302e-51
322	6207	1.974284901804591e-52
323	6203	4.674299609480254e-53
324	6175	9.866557726876243e-54
325	6202	1.8476885493021923e-54
326	5978	1.860110042126893e-55
327	6138	5.5674282947740085e-56
328	6144	1.2663292004182338e-56
329	6141	1.929324293581109e-57
330	6130	3.848571636866964e-58
331	6132	6.55449473527473e-58
332	6218	2.7029302600288794e-58
333	6181	5.103792898213957e-59
334	7443	1.7794914297953605e-58
335	6157	3.191128935008083e-59
336	9045	1.4508964143852597e-59
337	6232	2.0360702681329487e-60
338	9349	2.521726376920574e-61
339	6142	2.8406819111899063e-62
340	6146	4.236527850926304e-63
341	6224	1.285922711295832e-63
342	6124	1.5178444964747981e-63
343	6231	2.842086051737914e-64
344	5501	1.9634439927775047e-64
345	6176	4.412841451628702e-65
346	6169	1.435471539931916e-65
347	6156	1.5302400092985436e-66
348	6147	2.413308992238667e-67
349	6194	9.956431479871726e-68
350	5071	2.689516008312062e-67
351	6122	1.8082655469404064e-67
352	6204	5.3143699556333244e-67
353	6160	1.1156281877995475e-67
354	6206	8.589524487889501e-69
355	2203	2.57676144918261e-69
356	56257	6.08551594515173e-69
357	23376	2.640963688434411e-69
358	10528	6.701465922394814e-70
359	6143	2.7492391914455104e-70
360	6229	6.130277945955782e-69
361	51574	2.565297976022847e-69
362	6234	5.15174313458595e-70
363	140801	2.4296869399895627e-71
364	6209	3.748234950467787e-72
365	6168	6.61185277675304e-72
366	6161	6.056160422958878e-71
367	6137	3.78924615695336e-71
368	9493	1.5838546971692417e-71
369	25873	3.3966232983808736e-72
370	23521	1.2245030955636557e-71
371	6164	1.7501622654509155e-71
372	11224	4.985936275584717e-72
373	6625	5.589401277876407e-72
374	6139	2.2609494520756144e-72
375	6159	1.810782373028147e-73
376	100288687	2.076860403321705e-72
377	9188	5.672169809667047e-72
378	7412	7.775431312218204e-73
379	6165	9.461555368862516e-72
380	10112	5.845896944278151e-72
381	6227	2.248736950812217e-71
382	220717	1.2082706136612825e-71
383	101929876	2.8144068331063447e-71
384	81533	1.534172944051668e-70
385	4904	1.965566668586793e-70
386	4692	2.4782563813096677e-71
387	8453	4.02523561780489e-71
388	6154	8.592098999380076e-71
389	9924	2.0631972676808604e-71
390	9212	2.915834529593927e-71
391	51343	3.0045766813098584e-70
392	54443	6.69290386476784e-70
393	4839	1.035043676137585e-70
394	26354	7.057469385086194e-71
395	2091	3.2455336610434978e-71
396	4520	9.080399474378655e-73
397	9928	2.2271788671243755e-71
398	8886	9.041611469539795e-72
399	51602	2.090348534744321e-71
400	1894	7.251955364024955e-72
401	92421	9.925969578231115e-72
402	51065	2.0136269565092716e-72
403	65992	5.977593282227699e-71
404	55226	6.171644308034077e-72
405	128866	3.3379880489837596e-72
406	26156	7.321084746416296e-72
407	23212	6.12503171928806e-73
408	6158	7.549015090760885e-73
409	23560	8.178376991800047e-72
410	4799	1.9651192320515115e-72
411	10969	1.0568550273425323e-71
412	6233	4.9070558898470934e-71
413	23070	3.82097786351848e-70
414	23367	2.987227487161184e-71
415	51547	4.4199568495229557e-70
416	55299	2.465022793666e-70
417	6430	3.898803578777842e-71
418	6431	4.904837703314742e-71
419	117246	1.4851656529929204e-71
420	50809	5.439593552163588e-72
421	1736	2.82694196741138e-70
422	55646	1.2275655125102036e-69
423	9506	1.9931675617179176e-69
424	4809	2.2537878868777532e-69
425	55922	3.2542510697873135e-69
426	10425	3.545274565003452e-70
427	149041	2.3536813409761897e-69
428	54542	6.202035261368914e-70
429	8761	1.5981471424472758e-70
430	57062	2.7786675082061874e-69
431	10492	1.1682196792833227e-69
432	56829	3.206333561438211e-69
433	8266	6.625124016465047e-69
434	4673	2.6847376509210735e-68
435	57664	2.442179963300759e-68
436	10949	3.7809246520559497e-69
437	27316	2.3920185158853954e-68
438	51121	5.168617601832486e-68
439	3008	2.440414630992707e-68
440	55661	5.541523896993112e-68
441	3006	1.125479297104782e-68
442	84365	1.6601735101110734e-68
443	11103	1.3350173424653766e-68
444	54606	1.379134942006515e-68
445	6235	5.959434258892482e-69
446	6428	8.52211376038836e-68
447	10992	1.2499193699730406e-68
448	1540	1.4222653618277113e-68
449	8971	1.234174382979147e-68
450	3068	2.5485677122268025e-69
451	23076	9.818989414622621e-69
452	9325	9.079456921493454e-69
453	8575	1.1351146359962482e-68
454	79009	5.382857066351681e-69
455	4288	1.3985652816546922e-68
456	23481	2.2933139684126167e-68
457	5094	3.72101572203609e-68
458	55720	5.142474662873528e-68
459	23223	1.081795569494883e-67
460	10250	1.286726458495399e-67
461	9978	2.3614229072682888e-67
462	10189	3.152858087951319e-68
463	134492	3.815609199679496e-68
464	3185	5.2831517957320034e-68
465	8065	1.946014761784829e-68
466	9987	9.524457538529212e-68
467	79084	2.86104278072647e-68
468	6633	1.2563483772248956e-66
469	6634	2.665232061087316e-67
470	129831	7.557919820809761e-68
471	8473	3.5204161956614257e-66
472	6730	5.093217298381232e-67
473	27044	6.204170985034244e-67
474	9933	6.915482191804178e-67
475	7555	1.1037928385505511e-66
476	23029	2.876357911940332e-67
477	55131	9.332646884023174e-67
478	57621	8.154051911089948e-67
479	27292	3.603252260627878e-67
480	3692	4.1724360115293186e-67
481	54865	1.0649367300794994e-67
482	84656	4.2607431505097576e-68
483	10153	5.90660706346334e-68
484	22803	1.888019251327423e-67
485	155061	3.9023690809216697e-67
486	3024	2.922424303405971e-67
487	285855	1.1142419904277628e-67
488	64318	8.318798390361252e-68
489	4113	1.0506787715468676e-68
490	57109	8.929604483551776e-70
491	26155	1.0251413301587307e-69
492	10940	8.184596761905161e-69
493	26471	1.958025551702125e-67
494	9790	2.150148367987711e-67
495	11100	5.7687823910004224e-67
496	8531	8.812968644867158e-67
497	6432	2.010901530180635e-67
498	9092	8.66193214796283e-68
499	22913	2.3402745553014564e-67
500	7706	7.72946309163611e-67
501	10146	1.3975781556586004e-67
502	83987	3.504648519302016e-67
503	70	8.686672464495299e-67
504	84154	1.970416335782641e-66
505	339230	2.0628169608504533e-67
506	10360	8.626012526537777e-67
507	10412	7.732948808650493e-68
508	6838	9.514762441405406e-68
509	6731	1.2778602134701364e-68
510	6727	6.339338098572353e-69
511	29889	1.061992496827582e-68
512	29997	2.148186769454756e-68
513	23234	1.6865742785856313e-67
514	1662	2.093621595044737e-68
515	26135	6.712490935399782e-69
516	79759	6.965226940198524e-68
517	10849	1.6508625526141875e-67
518	79753	1.9184346658923212e-67
519	51388	1.3288266035840627e-68
520	84450	5.654781158356975e-67
521	23378	2.3135984600849363e-67
522	23567	6.372386059667635e-67
523	51018	3.885725799757903e-68
524	10199	7.887726174062164e-68
525	9416	5.514491730139111e-68
526	84310	4.55282021569949e-67
527	9221	5.0696397008153556e-67
528	79039	6.345488838241574e-67
529	9904	3.236793394936022e-67
530	692312	2.9216058909977846e-68
531	104	2.952616902797255e-69
532	2197	5.069489332873542e-69
533	64794	4.0571188158526646e-68
534	27309	9.260804406821617e-69
535	22984	2.73694545794523e-69
536	400506	3.8967333696673694e-69
537	84549	2.784545905466237e-70
538	26574	2.923643838653122e-68
539	65095	2.763597213540919e-69
540	3007	2.1613790064440396e-70
541	6166	2.371721994752551e-71
542	54487	2.549137003445005e-67
543	317772	8.407270368999187e-68
544	9982	4.996829226572208e-68
545	197407	1.7099947251865575e-68
546	6741	7.198450222581597e-67
547	134430	1.0774577337853023e-66
548	84295	1.2336671264687495e-66
549	79727	1.902537335340812e-66
550	64848	3.55985321850258e-67
551	79954	3.8148359750649424e-67
552	29777	7.548396879664824e-68
553	23246	1.1302939790632178e-67
554	4931	2.810820269258348e-67
555	5976	8.986120100619945e-67
556	80135	1.1642826738331197e-67
557	79661	1.7544157381107482e-68
558	27067	2.60731108562419e-68
559	55003	2.3776530047443192e-67
560	10450	8.196978066663426e-66
561	51154	1.7546874471238816e-65
562	5936	2.0488263784222023e-65
563	83759	3.039989694484915e-66
564	8899	2.0143263656510704e-65
565	9733	3.2690853201082723e-65
566	8161	7.29420175783014e-66
567	55153	1.5142566214958953e-66
568	6733	2.7592366425669867e-65
569	84294	1.4011606914637486e-65
570	3009	2.280085624878107e-65
571	4204	8.647732911197663e-65
572	5885	1.039405353615013e-64
573	84872	1.4784571457104927e-64
574	7270	3.2870589430361934e-64
575	51491	6.720716898680277e-64
576	79159	7.191973721129546e-64
577	57050	1.229809016350401e-63
578	8336	1.3625653593524054e-63
579	8638	1.3016092057805195e-64
580	54665	3.6863833473737e-65
581	7343	1.3790889577364219e-64
582	140890	8.21558093141636e-64
583	3010	4.385088131803286e-64
584	8683	9.294891038016148e-64
585	4116	9.973901440063868e-64
586	6429	1.6576831039872218e-63
587	79080	9.127465383878647e-65
588	26576	5.918271943419497e-66
589	4332	4.4128627510925135e-64
590	10813	3.9639638887552436e-64
591	55771	6.587146757686955e-64
592	5813	1.2785023561182055e-64
593	9277	8.308090408526208e-64
594	92856	8.88466765137769e-65
595	51187	3.168661498072996e-64
596	25983	3.856745667589497e-64
597	10523	3.1512935282214256e-63
598	55506	5.28954653308815e-63
599	84298	3.92082143448972e-64
600	90957	5.558856341151647e-63
601	29942	9.207151592141435e-64
602	6732	1.0353702316751981e-63
603	23350	1.3720824122557568e-63
604	6627	3.987742173133974e-63
605	28960	5.147574835643956e-63
606	10607	1.2143872582717271e-63
607	22826	4.219725686824972e-63
608	55660	2.2998698153865667e-62
609	11056	1.026532043535145e-61
610	7570	2.8472129858507324e-62
611	388524	1.2629126708495872e-61
612	1975	1.1705758703029851e-62
613	8602	2.906816468855999e-62
614	64425	1.7449403790892505e-62
615	22827	2.0652148777714106e-61
616	26168	3.2281391330365305e-61
617	54881	8.411232186618326e-62
618	9097	4.6493164711776735e-61
619	5036	7.6849073228331465e-62
620	9040	2.0879556393538266e-61
